Random:
[[[ 443.7066  -198.05936  746.9316   301.40833]]]
[[[ 417.49185 -170.49567  672.6174   479.67932]]]
[[[ 361.26337 -190.48814  631.85333  579.83746]]]
[[[ 330.25366 -163.34546  672.8353   625.609  ]]]
[[[ 273.52832 -105.35656  716.9125   683.83405]]]
[[[ 198.23276 -211.77058  705.0853   544.13727]]]

7 Training steps:
[[[211.73718  249.1755    94.958145 235.41046 ]]]
[[[221.97421  242.15045   94.092804 215.59697 ]]]
[[[253.3797   241.70517   84.547295 211.87517 ]]]
[[[309.98703 288.12488  65.09638 230.3642 ]]]
[[[386.68845  312.20923   62.879753 234.28957 ]]]

Fully trained:
